windScytheUp
10
1272
830
70
128
100
250
79
128
300
150
79
128
1023
830
70
128
350
150
79
128
778
830
70
128
400
150
79
128
532
830
70
128
450
150
79
128
288
830
70
128
500
150
79
128
1268
996
70
128
550
150
79
128
1023
996
70
128
600
150
79
128
778
996
70
128
650
150
79
128
534
996
70
128
700
150
79
128
290
996
70
128
750
150
79
128
windScytheMid
10
1272
830
70
128
450
300
79
128
500
300
79
128
1023
830
70
128
550
300
79
128
778
830
70
128
600
300
79
128
532
830
70
128
650
30
79
128
288
830
70
128
700
300
79
128
1268
996
70
128
750
300
79
128
1023
996
70
128
800
300
79
128
778
996
70
128
850
300
79
128
534
996
70
128
900
300
79
128
290
996
70
128
950
300
79
128
windScytheDown
10
1272
830
70
128
400
500
79
128
450
500
79
128
1023
830
70
128
500
500
79
128
778
830
70
128
550
500
79
128
532
830
70
128
650
30
79
128
288
830
70
128
600
500
79
128
1268
996
70
128
650
500
79
128
1023
996
70
128
700
500
79
128
778
996
70
128
750
500
79
128
534
996
70
128
800
500
79
128
290
996
70
128
850
500
79
128
fireInvocationUp
12
130
40
80
80
750
150
80
80
370
40
80
80
750
150
80
80
612
40
80
80
750
150
80
80
855
40
80
80
750
150
80
80
130
200
80
80
750
150
80
80
370
200
80
80
750
150
80
80
612
200
80
80
750
150
80
80
750
200
80
80
750
150
80
80
130
360
80
80
750
150
80
80
370
360
80
80
750
150
80
80
612
360
80
80
750
150
80
80
855
360
80
80
750
150
80
80
fireInvocationMid
12
130
40
80
80
950
300
80
80
370
40
80
80
950
300
80
80
612
40
80
80
950
300
80
80
855
40
80
80
950
300
80
80
130
200
80
80
950
300
80
80
370
200
80
80
950
300
80
80
612
200
80
80
950
300
80
80
855
200
80
80
950
300
80
80
130
360
80
80
950
300
80
80
370
360
80
80
950
300
80
80
612
360
80
80
950
300
80
80
855
360
80
80
950
300
80
80
fireInvocationDown
12
130
40
80
80
850
500
80
80
370
40
80
80
850
500
80
80
612
40
80
80
850
500
80
80
855
40
80
80
850
500
80
80
130
200
80
80
850
500
80
80
370
200
80
80
850
500
80
80
612
200
80
80
850
500
80
80
855
200
80
80
850
500
80
80
130
360
80
80
850
500
80
80
370
360
80
80
850
500
80
80
612
360
80
80
850
500
80
80
855
360
80
80
850
500
80
80
thunderUp
15
510
535
85
85
750
150
85
85
750
535
85
85
750
150
85
85
995
535
85
85
750
150
85
85
995
695
85
85
750
150
85
85
275
695
85
85
750
150
85
85
510
695
85
85
750
150
85
85
750
695
85
85
750
150
85
85
995
695
85
85
750
150
85
85
25
855
85
85
750
150
85
85
275
855
85
85
750
150
85
85
510
855
85
85
750
150
85
85
750
855
85
85
750
150
85
85
995
855
85
85
750
150
85
85
25
1015
85
85
750
150
85
85
275
1015
85
85
750
150
85
85
thunderMid
15
510
535
85
85
950
300
85
85
750
535
85
85
950
300
85
85
995
535
85
85
950
300
85
85
995
695
85
85
950
300
85
85
275
695
85
85
950
300
85
85
510
695
85
85
950
300
85
85
750
695
85
85
950
300
85
85
995
695
85
85
950
300
85
85
25
855
85
85
950
300
85
85
275
855
85
85
950
300
85
85
510
855
85
85
950
300
85
85
750
855
85
85
950
300
85
85
995
855
85
85
950
300
85
85
25
1015
85
85
950
300
85
85
275
1015
85
85
950
300
85
85
thunderDown
15
510
535
85
85
850
500
85
85
750
535
85
85
850
500
85
85
995
535
85
85
850
500
85
85
995
695
85
85
850
500
85
85
275
695
85
85
850
500
85
85
510
695
85
85
850
500
85
85
750
695
85
85
850
500
85
85
995
695
85
85
850
500
85
85
25
855
85
85
850
500
85
85
275
855
85
85
850
500
85
85
510
855
85
85
850
500
85
85
750
855
85
85
850
500
85
85
995
855
85
85
850
500
85
85
25
1015
85
85
850
500
85
85
275
1015
85
85
850
500
85
85
divineFireUp
15
35
210
85
110
750
150
85
125
280
210
85
110
750
150
85
125
510
210
85
110
737
150
85
125
775
120
85
110
754
150
85
125
1015
210
85
110
750
150
85
125
35
370
85
110
750
150
85
125
280
370
85
110
750
150
85
125
510
370
85
110
737
150
85
125
775
370
85
110
754
150
85
125
1015
370
85
110
750
150
85
125
35
530
85
110
750
150
85
125
280
350
85
110
750
150
85
125
510
530
85
110
737
150
85
125
775
530
85
110
754
150
85
125
1015
530
85
110
750
150
85
125
divineFireMid
15
35
210
85
110
950
300
85
125
280
210
85
110
950
300
85
125
510
210
85
110
937
300
85
125
775
120
85
110
950
300
85
125
1015
210
85
110
950
300
85
125
35
370
85
110
950
300
85
125
280
370
85
110
950
300
85
125
510
370
85
110
937
300
85
125
775
370
85
110
954
300
85
125
1015
370
85
110
950
300
85
125
35
530
85
110
950
300
85
125
280
350
85
110
950
300
85
125
510
530
85
110
937
300
85
125
775
530
85
110
954
300
85
125
1015
530
85
110
950
300
85
125
divineFireDown
15
35
210
85
110
850
500
85
125
280
210
85
110
850
500
85
125
510
210
85
110
837
300
85
125
775
120
85
110
854
300
85
125
1015
210
85
110
850
500
85
125
35
370
85
110
850
500
85
125
280
370
85
110
850
500
85
125
510
370
85
110
837
500
85
125
775
370
85
110
854
500
85
125
1015
370
85
110
850
500
85
125
35
530
85
110
850
500
85
125
280
350
85
110
850
500
85
125
510
530
85
110
837
500
85
125
775
530
85
110
854
500
85
125
1015
530
85
110
850
500
85
125
divinePresenceUp
13
55
640
78
120
750
150
78
120
290
640
78
120
744
150
78
120
535
640
78
120
748
150
78
120
775
640
78
120
747
150
78
120
1015
640
78
120
746
150
78
120
1260
640
78
120
750
150
78
120
55
800
78
120
750
149
78
120
290
800
78
120
744
149
78
120
535
800
78
120
748
149
78
120
775
800
78
120
747
149
78
120
1015
800
78
120
746
149
78
120
1260
800
78
120
750
149
78
120
55
960
78
120
750
148
78
120
divinePresenceMid
13
55
640
78
120
950
300
78
120
290
640
78
120
944
300
78
120
535
640
78
120
948
300
78
120
775
640
78
120
947
300
78
120
1015
640
78
120
946
300
78
120
1260
640
78
120
950
300
78
120
55
800
78
120
950
299
78
120
290
800
78
120
944
299
78
120
535
800
78
120
948
299
78
120
775
800
78
120
947
299
78
120
1015
800
78
120
946
299
78
120
1260
800
78
120
950
299
78
120
55
960
78
120
950
298
78
120
divinePresenceLow
13
55
640
78
120
850
500
78
120
290
640
78
120
844
500
78
120
535
640
78
120
848
500
78
120
775
640
78
120
847
500
78
120
1015
640
78
120
846
500
78
120
1260
640
78
120
850
500
78
120
55
800
78
120
850
499
78
120
290
800
78
120
844
499
78
120
535
800
78
120
848
499
78
120
775
800
78
120
847
499
78
120
1015
800
78
120
846
499
78
120
1260
800
78
120
850
499
78
120
55
960
78
120
850
498
78
120