spearUp
15
100
760
0
0
0
0
0
0
100
760
0
0
0
0
0
0
100
760
0
0
0
0
0
0
100
760
0
0
0
0
0
0
100
760
0
0
0
0
0
0
80
735
62
15
532
260
43
43
80
735
62
15
585
245
43
43
80
735
62
15
636
230
43
43
80
735
62
15
688
215
43
43
80
735
62
15
740
200
43
43
80
735
62
15
792
185
43
43
80
735
62
15
844
170
43
43		
80
735
62
15
844
155
43
43
80
735
62
15
844
155
43
43
80
735
62
15
844
155
43
43
80
735
62
15
844
155
43
43
spearMid
15
100
760
0
0
0
0
0
0
100
760
0
0
0
0
0
0
100
760
0
0
0
0
0
0
100
760
0
0
0
0
0
0
100
760
0
0
0
0
0
0
8
735
62
20
480
240
43
43
8
735
62
20
561
250
43
43
8
735
62
20
642
260
43
43
8
735
62
20
723
270
43
43
8
735
62
20
804
280
43
43
8
735
62
20
885
290
43
43
8
735
62
20
1047
300
43
43		
8
735
62
20
1047
300
43
43
8
735
62
20
1047
300
43
43
8
735
62
20
1047
300
43
43
8
735
62
20
1047
300
43
43
spearDown
15
100
760
0
0
0
0
0
0
100
760
0
0
0
0
0
0
100
760
0
0
0
0
0
0
100
760
0
0
0
0
0
0
100
760
0
0
0
0
0
0
8
735
62
20
480
260
43
43
8
735
62
20
547
294
43
43
8
735
62
20
614
328
43
43
8
735
62
20
681
362
43
43
8
735
62
20
748
396
43
43
8
735
62
20
815
460
43
43
8
735
62
20
882
464
43
43		
8
735
62
20
949
498
43
43
8
735
62
20
949
498
43
43
8
735
62
20
949
498
43
43
8
735
62
20
949
498
43
43