heroExitBG
20
381
583
43
43
360
300
100
100
434
580
45
43
417
300
104
100
486
580
47
42
474
300
109
100
381
583
43
43
531
300
100
100
434
580
45
43
588
300
104
100
486
580
47
42
645
300
109
100
381
583
43
43
702
300
100
100
434
580
45
43
759
300
104
100
486
580
47
42
816
300
109
100
381
583
43
43
873
300
100
100
434
580
45
43
930
300
104
100
486
580
47
42
987
300
109
100
381
583
43
43
1044
300
100
100
434
580
45
43
1101
300
104
100
486
580
47
42
1158
300
109
100
381
583
43
43
1215
300
100
100
434
580
45
43
1272
300
104
100
486
580
47
42
1329
300
109
100
381
583
43
43
1386
300
100
100
434
580
45
43
1443
300
104
100
486
580
47
42
1500
300
109
100
heroEnterBG
20
381
583
43
43
-140
300
100
100
434
580
45
43
-116
300
104
100
486
580
47
42
-92
300
109
100
381
583
43
43
-68
300
100
100
434
580
45
43
-44
300
104
100
486
580
47
42
-20
300
109
100
381
583
43
43
4
300
100
100
434
580
45
43
28
300
104
100
486
580
47
42
52
300
109
100
381
583
43
43
76
300
100
100
434
580
45
43
100
300
104
100
486
580
47
42
124
300
109
100
381
583
43
43
148
300
100
100
434
580
45
43
172
300
104
100
486
580
47
42
196
300
109
100
381
583
43
43
220
300
100
100
434
580
45
43
244
300
104
100
486
580
47
42
268
300
109
100
381
583
43
43
299
300
100
100
434
580
45
43
336
300
104
100
486
580
47
42
350
300
109
100