basicAttackUp
22
537
145
43
43
360
300
100
100
484
144
53
39
397
285
123
90
426
149
53
33
434
270
123
76
366
149
53
33
471
255
123
76
310
149
53
35
508
240
123
81
250
149
53
33
545
225
123
76
188
149
53
33
582
210
123
76
129
149
53
33
619
195
123
76
516
194
74
34
656
180
172
79
441
194
74
34
693
165
172
79
359
191
74
34
730
150
172
79
280
191
74
34
693
165
172
74
207
191
74
30
656
180
172
69
129
190
74
30
619
195
172
69
517
238
70
30
582
210
162
70
463
238
38
30
545
225
88
84
406
238
38
36
508
240
104
112
364
231
31
44
471
255
72
102
314
229
31
44
434
270
72
102
265
229
36
41
397
285
84
95
216
229
37
41
360
300
86
95
165
229
39
41
360
300
90
95
basicAttackMid
22
537
145
43
43
360
300
100
100
484
144
53
39
411
300
123
90
426
149
53
33
462
300
123
76
366
149
53
33
513
300
123
76
310
149
53
35
564
300
123
81
250
149
53
33
615
300
123
76
188
149
53
33
666
300
123
76
129
149
53
33
717
300
123
76
516
194
74
34
768
300
172
79
441
194
74
34
819
300
172
79
359
191
74
34
870
300
172
79
280
191
74
34
921
300
172
74
207
191
74
30
972
300
172
69
129
190
74
30
904
300
172
69
517
238
70
30
836
300
162
70
463
238
38
30
768
300
88
84
406
238
38
36
700
300
104
112
364
231
31
44
564
300
72
102
314
229
31
44
496
300
72
102
265
229
36
41
428
300
84
95
216
229
37
41
360
300
86
95
165
229
39
41
360
300
90
95
basicAttackDown
22
537
145
43
43
360
300
100
100
484
144
53
39
407
320
123
90
426
149
53
33
454
340
123
76
366
149
53
33
501
360
123
76
310
149
53
35
548
380
123
81
250
149
53
33
595
400
123
76
188
149
53
33
642
420
123
76
129
149
53
33
689
440
123
76
516
194
74
34
736
460
172
79
441
194
74
34
783
480
172
79
359
191
74
34
830
500
172
79
280
191
74
34
783
480
172
74
207
191
74
30
737
460
172
69
129
190
74
30
689
440
172
69
517
238
70
30
642
420
162
70
463
238
38
30
595
400
88
84
406
238
38
36
548
380
104
112
364
231
31
44
501
360
72
102
314
229
31
44
454
340
72
102
265
229
36
41
407
320
84
95
216
229
37
41
360
300
86
95
165
229
39
41
360
300
90
95
attackCritUp
15
540
581
43
43
360
300
100
100
489
580
43
43
360
300
100
100
437
580
45
43
357
302
104
100
383
580
47
42
357
300
109
100
300
580
77
43
360
300
179
100
250
580
43
43
365
300
100
100
196
581
43
43
365
299
100
100
145
580
46
43
357
300
106
100
95
580
45
43
360
300
104
100
540
581
43
43
360
300
100
100
261
229
43
43
360
300
100
100
215
228
43
43
357
300
100
100
164
229
43
43
353
300
100
100
261
229
43
43
360
300
100
100
215
228
43
43
357
300
100
100
164
229
43
43
353
300
100
100
attackCritMid
15
540
581
43
43
360
300
100
100
489
580
43
43
360
300
100
100
437
580
45
43
357
302
104
100
383
580
47
42
357
300
109
100
300
580
77
43
360
300
179
100
250
580
43
43
365
300
100
100
196
581
43
43
365
299
100
100
145
580
46
43
357
300
106
100
95
580
45
43
360
300
104
100
540
581
43
43
360
300
100
100
261
229
43
43
360
300
100
100
215
228
43
43
357
300
100
100
164
229
43
43
353
300
100
100
261
229
43
43
360
300
100
100
215
228
43
43
357
300
100
100
164
229
43
43
353
300
100
100
attackCritDown
15
540
581
43
43
360
300
100
100
489
580
43
43
360
300
100
100
437
580
45
43
357
302
104
100
383
580
47
42
357
300
109
100
300
580
77
43
360
300
179
100
250
580
43
43
365
300
100
100
196
581
43
43
365
299
100
100
145
580
46
43
357
300
106
100
95
580
45
43
360
300
104
100
540
581
43
43
360
300
100
100
261
229
43
43
360
300
100
100
215
228
43
43
357
300
100
100
164
229
43
43
353
300
100
100
261
229
43
43
360
300
100
100
215
228
43
43
357
300
100
100
164
229
43
43
353
300
100
100
bigAttackUp
31
546
320
42
38
360
300
98
88
494
317
43
40
365
255
100
93
446
321
37
54
369
265
86
125
402
337
33
38
362
300
77
88
351
327
34
46
360
302
79
107
295
320
45
39
364
297
104
90
241
314
39
45
364
297
90
104
187
315
47
39
362
300
109
90
124
309
40
46
347
287
93
106
535
379
48
46
365
290
111
107
480
376
45
48
370
285
104
111
425
384
50
46
269
285
116
107
367
380
44
51
362
277
102
118
310
378
46
53
360
269
107
123
255
373
41
58
362
265
95
134
204
374
47
55
364
267
109
128
157
367
41
62
362
255
95
144
99
375
42
52
347
267
97
121
545
436
37
57
362
264
86
132
454
449
48
42
347
292
111
97
397
443
45
47
351
279
104
109
333
448
51
41
344
291
118
95
279
445
46
45
352
282
107
104
111
452
156
36
370
300
363
84
548
512
38
36
369
300
88
84
491
510
44
35
362
303
70
102
81
449
504
30
43
365
287
70
100
399
501
30
44
365
300
70
102
350
501
36
41
366
297
84
95
299
501
38
40
365
300
88
93
249
502
39
41
357
292
90
95
bigAttackMid
31
546
320
42
38
360
300
98
88
494
317
43
40
365
255
100
93
446
321
37
54
369
265
86
125
402
337
33
38
362
300
77
88
351
327
34
46
360
302
79
107
295
320
45
39
364
297
104
90
241
314
39
45
364
297
90
104
187
315
47
39
362
300
109
90
124
309
40
46
347
287
93
106
535
379
48
46
365
290
111
107
480
376
45
48
370
285
104
111
425
384
50
46
269
285
116
107
367
380
44
51
362
277
102
118
310
378
46
53
360
269
107
123
255
373
41
58
362
265
95
134
204
374
47
55
364
267
109
128
157
367
41
62
362
255
95
144
99
375
42
52
347
267
97
121
545
436
37
57
362
264
86
132
454
449
48
42
347
292
111
97
397
443
45
47
351
279
104
109
333
448
51
41
344
291
118
95
279
445
46
45
352
282
107
104
111
452
156
36
370
300
363
84
548
512
38
36
369
300
88
84
491
510
44
35
362
303
70
102
81
449
504
30
43
365
287
70
100
399
501
30
44
365
300
70
102
350
501
36
41
366
297
84
95
299
501
38
40
365
300
88
93
249
502
39
41
357
292
90
95
bigAttackDown
31
546
320
42
38
360
300
98
88
494
317
43
40
365
255
100
93
446
321
37
54
369
265
86
125
402
337
33
38
362
300
77
88
351
327
34
46
360
302
79
107
295
320
45
39
364
297
104
90
241
314
39
45
364
297
90
104
187
315
47
39
362
300
109
90
124
309
40
46
347
287
93
106
535
379
48
46
365
290
111
107
480
376
45
48
370
285
104
111
425
384
50
46
269
285
116
107
367
380
44
51
362
277
102
118
310
378
46
53
360
269
107
123
255
373
41
58
362
265
95
134
204
374
47
55
364
267
109
128
157
367
41
62
362
255
95
144
99
375
42
52
347
267
97
121
545
436
37
57
362
264
86
132
454
449
48
42
347
292
111
97
397
443
45
47
351
279
104
109
333
448
51
41
344
291
118
95
279
445
46
45
352
282
107
104
111
452
156
36
370
300
363
84
548
512
38
36
369
300
88
84
491
510
44
35
362
303
70
102
81
449
504
30
43
365
287
70
100
399
501
30
44
365
300
70
102
350
501
36
41
366
297
84
95
299
501
38
40
365
300
88
93
249
502
39
41
357
292
90
95
