chienUp
14
2
19
50
38
850
150
116
88
62
22
50
35
775
155
116
88
123
22
51
35
700
153
118
81
179
15
51
42
625
118
98
242
14
50
43
550
140
116
100
3
89
74
28
475
150
172
65
86
76
66
41
400
140
153
95
163
65
50
52
475
150
116
121
218
62
46
55
550
110
107
128
268
61
47
56
625
110
109
130
3
120
56
58
700
114
130
135
70
121
45
57
775
118
104
132
126
123
45
55
855
118
104
128
180
135
54
43
850
145
125
100
chienMid
14
2
19
50
38
1050
300
116
88
62
22
50
35
942
305
116
88
123
22
51
35
834
303
118
81
179
15
51
42
726
290
118
98
242
14
50
43
618
290
116
100
3
89
74
28
510
300
172
65
86
76
66
41
402
290
153
95
163
65
50
52
510
260
116
121
218
62
46
55
618
260
107
128
268
61
47
56
726
260
109
130
3
120
56
58
834
264
130
135
70
121
45
57
942
268
104
132
126
123
45
55
1055
268
104
128
180
135
54
43
1050
295
125
100
chienDown
14
2
19
50
38
950
500
116
88
62
22
50
35
858
505
116
88
123
22
51
35
766
503
118
81
179
15
51
42
674
490
118
98
242
14
50
43
582
490
116
100
3
89
74
28
490
500
172
65
86
76
66
41
298
490
153
95
163
65
50
52
490
460
116
121
218
62
46
55
582
460
107
128
268
61
47
56
674
460
109
130
3
120
56
58
766
464
130
135
70
121
45
57
858
468
104
132
126
123
45
55
955
468
104
128
180
135
54
43
950
495
125
100
oeilUp
24
4
196
29
47
850
150
67
109
41 
199 
34
44
812
150
79 
102
80
200
28
43
774
150
65
100
113
199
28
44
736
150
65
102
148
198
30
45
698
150
70
104
185
197
30
46
660
150
70
106
220
197
28
46
622
150
65
106
253
198
32
45
584
150
74
104
290
199
40
44
546
150
93
102
5
250
39
46
508
150
90
106
53
250
40
46
470
150
93
106
107
250
40
46
432
150
93
106
153
250
44
46
400
150
102
106
209
249
45
47
400
150
104
109
269
250
45
43
400
150
104
100
3
304
45
44
400
150
104
102
56
304
44
44
457
150
102
102
110
302
41
46
514
150
95
106
158
302
37
46
571
150
86
106
208
302
36
46
628
150
83
106
251
302
36
46
685
150
83
106
294
302
26
46
742
150
60
106
8
353
27
44
799
150
62
102
54
352
27
45
850
150
62
104

oeilMid
24
4
196
29
47
1050
300
67
109
41 
199 
34
44
995
300
79 
102
80
200
28
43
940
300
65
100
113
199
28
44
885
300
65
102
148
198
30
45
830
300
70
104
185
197
30
46
775
300
70
106
220
197
28
46
720
300
65
106
253
198
32
45
665
300
74
104
290
199
40
44
610
300
93
102
5
250
39
46
555
300
90
106
53
250
40
46
500
300
93
106
107
250
40
46
445
300
93
106
153
250
44
46
400
300
102
106
209
249
45
47
400
300
104
109
269
250
45
43
400
300
104
100
3
304
45
44
400
300
104
102
56
304
44
44
482
300
102
102
110
302
41
46
564
300
95
106
158
302
37
46
646
300
86
106
208
302
36
46
728
300
83
106
251
302
36
46
810
300
83
106
294
302
26
46
892
300
60
106
8
353
27
44
974
300
62
102
54
352
27
45
1050
300
62
104

oeilDown
24
4
196
29
47
950
500
67
109
41 
199 
34
44
904
500
79 
102
80
200
28
43
858
500
65
100
113
199
28
44
812
500
65
102
148
198
30
45
766
500
70
104
185
197
30
46
720
500
70
106
220
197
28
46
674
500
65
106
253
198
32
45
628
500
74
104
290
199
40
44
582
500
93
102
5
250
39
46
536
500
90
106
53
250
40
46
490
500
93
106
107
250
40
46
444
500
93
106
153
250
44
46
400
500
102
106
209
249
45
47
400
500
104
109
269
250
45
43
400
500
104
100
3
304
45
44
400
500
104
102
56
304
44
44
469
500
102
102
110
302
41
46
538
500
95
106
158
302
37
46
607
500
86
106
208
302
36
46
676
500
83
106
251
302
36
46
745
500
83
106
294
302
26
46
814
500
60
106
8
353
27
44
883
500
62
102
54
352
27
45
950
500
62
104