townEntrance
21
381
583
43
43
-150
600
100
100
434
580
45
43
-113
600
104
100
486
580
47
42
-76
600
109
100
381
583
43
43
-39
600
100
100
434
580
45
43
-2
600
104
100
486
580
47
42
35
600
109
100
381
583
43
43
72
600
100
100
434
580
45
43
109
600
104
100
486
580
47
42
146
600
109
100
381
583
43
43
183
600
100
100
434
580
45
43
220
600
104
100
486
580
47
42
257
600
109
100
381
583
43
43
294
600
100
100
434
580
45
43
331
600
104
100
486
580
47
42
368
600
109
100
381
583
43
43
405
600
100
100
434
580
45
43
442
600
104
100
486
580
47
42
479
600
109
100
381
583
43
43
516
600
100
100
434
580
45
43
553
600
104
100
486
580
47
42
585
600
109
100
townExit
21
381
583
43
43
585
600
100
100
434
580
45
43
615
600
104
100
486
580
47
42
645
600
109
100
381
583
43
43
675
600
100
100
434
580
45
43
705
600
104
100
486
580
47
42
735
600
109
100
381
583
43
43
765
600
100
100
434
580
45
43
795
600
104
100
486
580
47
42
825
600
109
100
381
583
43
43
855
600
100
100
434
580
45
43
885
600
104
100
486
580
47
42
915
600
109
100
381
583
43
43
945
600
100
100
434
580
45
43
975
600
104
100
486
580
47
42
1005
600
109
100
381
583
43
43
1035
600
100
100
434
580
45
43
1065
600
104
100
486
580
47
42
1095
600
109
100
381
583
43
43
1125
600
100
100
434
580
45
43
1155
600
104
100
486
580
47
42
1170
600
109
100






